06/02/2019,GROCERY STORE,3.08,,47.19
06/05/2019,LOCAL BAR,33.28,,13.91
06/05/2019,BIWEEKLY PAY,,150.00,163.91
06/10/2019,SKATE REPAIR,7.00,,156.91
06/10/2019,GROCERY STORE,24.28,,132.63
06/13/2019,LOCAL BAR,27.88,,104.75
06/19/2019,BIWEEKLY PAY,,150.00,254.75
06/23/2019,GROCERY STORE,22.69,,232.06
06/30/2019,GROCERY MARKET,9.17,,222.89
06/30/2019,MONTHLY ACCOUNT FEE,3.95,,218.94
06/30/2019,CHQ RETURN FEE,2.00,,216.94
