12/01/2019,HAIR SALON,28.25,,303.43
12/01/2019,GROCERY STORE,27.93,,275.50
12/04/2019,BIWEEKLY PAY,,150.00,425.50
12/04/2019,GROCERY STORE,22.99,,402.51
12/05/2019,SNACKS,8.48,,394.03
12/09/2019,GROCERY STORE,27.56,,366.47
12/15/2019,BURGER JOINT,9.03,,357.44
12/18/2019,BIWEEKLY PAY,,150.00,507.44
12/31/2019,MONTHLY ACCOUNT FEE,3.95,,503.49
12/31/2019,CHQ RETURN FEE,2.00,,501.49
